#' @title List of FilmFarsi Palettes
#'
#' @name FilmFarsiList
#'
#' @aliases FilmFarsiList
#'
#' @param FilmFarsiList List of \code{\link[=FilmFarsi]{FilmFarsi}} Palettes.
#'
#' @description The \code{FilmFarsiList} provides a list of \code{\link[=FilmFarsi]{FilmFarsi}} palettes.
#'
#' @details The \code{FilmFarsiList} provides a list of \code{\link[=FilmFarsi]{FilmFarsi}} palettes.
#'
#' @return This function returns a list of \code{\link[=FilmFarsi]{FilmFarsi}} palettes.
#'
#' @seealso \code{\link[=FilmFarsi]{FilmFarsi}}
#'
#' @export FilmFarsiList
#'
#' @rdname FilmFarsiList
#'
#' @export

FilmFarsiList <- list(
  alibigham = c("615091", "cd4828", "869358", "ecc75f", "a9725d"),
  alisourchi = c("e0a390", "e9be4b", "5c476e", "ad2b2d", "5f613c"),
  darrahkhoda = c("b5b471", "38639d", "ca4a7d"),
  bineshan = c("f1e144", "515292", "7c1f38"),
  dokhtarlor = c("cc4c3f", "295e6b"),
  dokhtarimimirad = c("585065", "afa371", "bc615c"),
  gav = c("#e8cf4d", "#004799"),
  gavaznha = c("#b12c3f", "#393a3e"),
  janjalarousi = c("cd996e", "e0c6b2", "d3c5c2", "b98ea1", "aa5893"),
  kandu = c("d1a84b", "bb763d", "bb4a3a", "4f2928", "441c12"),
  khashmoghabha = c("ead578", "e9b355", "e6a34e", "db894a", "d06a41", "ac4e3d", "7d4131"),
  khodaghovvat = c("645759", "bb3744", "525b6f", "edd550", "bc8fb0"),
  malekdouzakh = c("e1b85f", "a95d4f", "66504e"),
  mamalamricayi = c("c83f2c", "c1785d", "706a74", "303829", "4561a5"),
  marsieh = c("8a7ea4", "2a2a2c"),
  miras = c("d78943", "333442"),
  tokhmtala = c("d2c832", "c5991c", "975a0b", "5f3508", "3a2600"),
  navvab = c("cadada", "94c3d7", "70abb9", "5d8690", "4b5c6e", "374257", "303346"),
  oostakarim = c("43404b", "534242", "835c5b", "ce9a73", "dfc69e"),
  pashnehtala = c("bd1d27", "36332e", "f2d24b"),
  raghasehshahr = c("ba1721", "446ea0", "fdd53f"),
  rezamotori = c("d5cf5c", "bb2a0b", "636164"),
  salomeh = c("ca5623", "5474ad", "587437", "d8c330", "ac6f8a"),
  samad = c("fbe539", "c42f31"),
  sazesh = c("3b3b3d", "426c8e", "5d4a7d", "bb5357", "d07989"),
  sehghahreman = c("c0a74d", "920b24", "577494"),
  soltahghalbha = c("51788c", "bb4044", "844668", "b6603e", "53312c"),
  yekiyeki = c("#a4b5c9", "#456da0", "#506462", "#bf3b46", "#c67f5b"),
  zabih = c("242223", "41415b", "534f5c", "696a76", "9395be"),
  zirbazarcheh = c("bf4f4b", "778260", "584e4f", "d1b574", "767a9d")
)
